


            +++++++++++++++++ Start Time: Tue Mar 19 04:12:45 +03 2019 ++++++++++++++++++++++++++++



 Performance under Thread 1,4,8,16, if possible 32 


<<Threads = 1 threads
solution matrix
4 6 1 3 13 5 12 8 11 10 2 15 14 7 9 16 
15 11 10 7 2 16 14 3 8 9 12 13 1 6 4 5 
13 8 9 12 6 7 4 1 3 16 14 5 15 11 10 2 
2 5 16 14 11 9 15 10 1 4 7 6 13 8 3 12 
7 15 11 10 3 14 16 2 13 8 9 12 4 5 6 1 
12 13 8 9 4 1 5 6 2 3 16 14 7 15 11 10 
5 4 6 1 12 8 9 13 15 11 10 7 16 2 14 3 
14 2 3 16 15 10 7 11 6 1 5 4 12 13 8 9 
10 7 15 5 16 2 11 4 12 13 8 3 9 14 1 6 
9 3 13 8 5 6 1 12 14 2 15 16 10 4 7 11 
1 12 4 6 9 13 8 14 7 5 11 10 3 16 2 15 
16 14 2 11 7 3 10 15 4 6 1 9 5 12 13 8 
11 10 7 2 14 15 3 16 9 12 13 8 6 1 5 4 
8 9 12 13 1 4 6 5 16 14 3 2 11 10 15 7 
6 1 5 15 8 12 13 9 10 7 4 11 2 3 16 14 
3 16 14 4 10 11 2 7 5 15 6 1 8 9 12 13 
Elapsed time: 0.79
Part2_C===================Elapsed time: 0.79, Sudko Size= 16, File name = 4x4_hard_3.csv
<<Threads = 2 threads
